$ANSIBLE_VAULT;1.1;AES256
30646134353131326630636632653861373161363839393830653166393766623130323665613534
3734366537613063626232356562303363633038353830340a356232333936376233653664303533
35303633636435316432363934326138393762393133343065376337616130353966653739343130
3636643635643166330a316561653863373764323839613763383238626463313139646634383232
66333534373132303235343836656162353131336363626666666561323235323139613761353361
63373763303039313330366366643138353535323739643237363937333737366132366161303266
39373662333032656266376664363439376530623264333066333537636161653066663731626161
64393436373361366535613737353865633132666466336533636534373664396265656661613030
36646530653139376631303039623832363935343166336330616564346366333665636431623363
37363037393730626136386261386232623837373632633937303362626139376634336539663561
32373832653361366137666661353561356561386138383061323337343335303032326338623534
34356533333534383561656439663334663233313564653431623635336235336535633562623034
62346135623166663862303732323637373536623036343035323764663863653231376461323038
65336231656135336233333466366132373739363632643130383432313230366564646235316564
35636565653335373331313361666135376130373464623963636561643139396637653466303362
65616637303537353961343638643765393434666435646264363465616331363765353031353335
34643736363735373061303732666166373863393163636330663336326562646337356134633461
33393936306634393262623266346439616631333333623538333535633065393864306363663231
33656365643237353161623730626537386334386235333461303162336430633830663139623038
37373939373032336237303366343338636164636363376330373366626533363737326364653562
66666266626231343131613565353561343036386233313730356664636430643037
